0,987.004972488,981.459057237,Pluripotent,0,1,0,0,1
1,229.729067278,113.519834421,Pluripotent,0,1,0,0,0
2,957.756573918,74.90002878,Pluripotent,0,0,0,1,0
3,398.391921678,569.627538779,Pluripotent,1,0,1,1,0
4,140.647628026,223.080725749,Pluripotent,1,1,1,0,1
5,226.770500412,46.1001497537,Pluripotent,1,0,1,1,0
6,887.351135955,120.431803148,Pluripotent,1,1,0,0,1
7,964.11350406,292.795500413,Pluripotent,0,1,1,1,1
8,683.288038893,912.891408145,Pluripotent,0,1,0,1,0
9,143.69466095,130.417879366,Pluripotent,1,1,0,0,1
10,974.12924357,527.075769571,Pluripotent,1,0,1,1,0
11,126.738461112,396.394859592,Pluripotent,0,0,0,0,1
12,629.680232387,102.809253673,Pluripotent,0,1,0,1,0
13,939.956782647,805.876179016,Pluripotent,0,0,1,1,1
14,802.767504045,43.9920705834,Pluripotent,0,1,1,1,1
15,70.5974863203,353.113770465,Pluripotent,0,0,0,1,1
16,682.432197355,225.744497429,Pluripotent,0,1,0,1,1
17,116.957377847,83.1074671093,Pluripotent,1,0,0,1,1
18,307.167383972,486.888853934,Pluripotent,1,1,0,1,1
19,332.378247734,813.614526496,Pluripotent,0,0,1,1,1
20,476.85773993,106.090944232,Pluripotent,0,1,1,0,1
21,148.412193978,808.629118655,Pluripotent,1,1,0,0,1
22,995.441849886,973.45923436,Pluripotent,0,0,0,1,1
23,96.6494745583,77.1443389548,Pluripotent,1,0,1,0,1
24,615.713306912,447.476878164,Pluripotent,1,0,1,1,0
25,96.2662659549,305.248402022,Pluripotent,0,1,0,0,1
26,494.401353169,803.406107659,Pluripotent,0,0,0,1,0
27,912.102774011,187.558427465,Pluripotent,1,1,1,0,1
28,225.151499118,55.7100056397,Pluripotent,0,1,1,0,0
29,753.978504123,756.487894701,Pluripotent,0,1,1,0,0
30,311.706348806,649.003397405,Pluripotent,1,0,0,1,1
31,817.464255289,728.705647563,Pluripotent,0,0,0,1,0
32,868.775166245,622.709743852,Pluripotent,0,1,0,1,0
33,607.097486465,38.4150227729,Pluripotent,1,0,1,0,0
34,904.339036938,583.031879802,Pluripotent,1,0,1,1,0
35,81.2235052431,522.667469945,Pluripotent,1,1,0,0,0
36,853.626296754,847.908016663,Pluripotent,0,0,1,1,0
37,477.993926219,983.781403356,Pluripotent,0,1,0,1,0
38,89.2746116104,983.891761312,Pluripotent,0,0,0,1,1
39,811.369029448,116.442179386,Pluripotent,0,0,0,0,0
40,679.884652923,8.1231331037,Pluripotent,0,1,0,1,1
41,210.332300798,768.198500982,Pluripotent,1,0,1,0,1
42,408.339486388,781.517444462,Pluripotent,0,1,0,0,1
43,716.660452325,400.344144853,Pluripotent,1,1,0,1,1
44,773.074761703,282.768279336,Pluripotent,0,1,0,1,0
45,854.483761165,620.877125592,Pluripotent,0,1,0,1,1
46,51.6331240512,958.027365179,Pluripotent,1,0,0,1,1
47,872.996648547,74.8668124109,Pluripotent,0,0,0,1,1
48,390.784250945,32.6779192457,Pluripotent,0,1,1,1,1
49,878.404903406,554.124650355,Pluripotent,0,1,1,1,1
50,741.789580905,979.023445768,Pluripotent,1,1,0,0,0
51,146.822384175,985.031248325,Pluripotent,1,0,1,1,1
52,545.607745654,839.494046787,Pluripotent,1,0,1,1,0
53,945.527796023,950.585613866,Pluripotent,1,1,1,0,1
54,565.126317488,323.788839679,Pluripotent,1,0,1,0,0
55,785.012428246,748.257482046,Pluripotent,1,0,1,1,1
56,454.660227927,554.777527205,Pluripotent,1,1,0,1,0
57,853.548072882,390.580873894,Pluripotent,0,1,1,1,1
58,738.039119284,7.02268403203,Pluripotent,1,1,1,1,1
59,814.270571846,239.56769864,Pluripotent,0,0,1,1,0
60,284.709463639,468.729167688,Pluripotent,1,0,0,0,1
61,60.2589277122,734.185530498,Pluripotent,0,0,1,1,1
62,293.537004749,197.201673968,Pluripotent,1,0,0,0,1
63,191.750632336,312.885917952,Pluripotent,1,1,1,1,1
64,710.191669395,502.944230773,Pluripotent,1,0,0,0,1
65,426.968431599,283.338019612,Pluripotent,0,0,1,1,1
66,6.38502686184,58.0181528625,Pluripotent,0,0,1,1,1
67,30.1472214897,197.000364904,Pluripotent,1,1,0,0,0
68,75.1198397456,826.192065412,Pluripotent,1,0,1,0,0
69,568.316698208,984.404586447,Pluripotent,1,1,1,1,1
70,283.706703468,234.798760658,Pluripotent,1,1,1,0,1
71,310.238128201,720.824305038,Pluripotent,1,0,1,1,1
72,595.82817904,849.421145162,Pluripotent,1,0,0,0,0
73,848.748870607,769.362180027,Pluripotent,0,1,0,0,0
74,519.045679169,788.707579654,Pluripotent,0,1,0,1,1
75,383.750157338,688.168937265,Pluripotent,1,0,1,1,0
76,952.73621635,928.631245949,Pluripotent,0,0,1,1,1
77,200.592612032,635.77134216,Pluripotent,1,0,0,1,0
78,791.632712196,36.6169155233,Pluripotent,0,1,1,1,1
79,878.178347096,660.041685506,Pluripotent,0,0,1,0,0
80,13.6700765423,811.694940174,Pluripotent,1,0,1,0,1
81,921.361338459,787.226442389,Pluripotent,0,0,0,0,0
82,584.238011153,535.344617467,Pluripotent,1,0,0,1,0
83,749.713947472,729.614468088,Pluripotent,0,1,0,0,1
84,459.958026117,899.593738613,Pluripotent,0,1,0,1,1
85,111.920168455,515.906189386,Pluripotent,0,0,1,1,0
86,820.991967177,726.6493151,Pluripotent,0,0,1,1,1
87,95.4384327159,637.915149972,Pluripotent,1,1,0,0,0
88,293.859338837,949.349014294,Pluripotent,0,0,1,1,0
89,568.049074571,924.056083626,Pluripotent,0,1,0,0,1
90,322.426996137,860.732974843,Pluripotent,0,1,1,1,1
91,186.511968894,722.08567009,Pluripotent,0,1,0,0,1
92,724.583852364,799.723615835,Pluripotent,0,0,1,1,1
93,192.54029443,874.266591337,Pluripotent,1,0,1,0,0
94,998.412412246,339.254140026,Pluripotent,0,1,1,1,1
95,427.542161292,827.947719996,Pluripotent,1,0,0,1,0
96,626.345379776,614.444617725,Pluripotent,0,1,0,1,0
97,286.013708165,580.00869331,Pluripotent,1,1,1,0,0
98,950.892216635,845.9717899,Pluripotent,1,0,0,0,1
99,250.037505178,216.132040986,Pluripotent,0,0,1,1,0
100,595.0940585,580.25759667,Pluripotent,0,0,0,0,1
101,324.057378616,864.274884802,Pluripotent,0,0,1,0,1
102,8.7200969684,601.711855529,Pluripotent,0,0,1,1,0
103,853.414890136,907.440326466,Pluripotent,0,0,0,1,1
104,2.52623476129,718.228751724,Pluripotent,0,0,0,0,0
105,506.674609051,252.49700761,Pluripotent,0,1,1,0,1
106,38.3127954769,799.152558828,Pluripotent,1,0,1,0,0
107,729.460050732,802.005655597,Pluripotent,0,1,0,0,0
108,638.535214339,297.195649422,Pluripotent,0,1,1,1,1
109,809.313321743,706.3840659,Pluripotent,0,0,1,0,0
110,213.738431678,820.202366223,Pluripotent,0,0,0,1,0
111,444.001151089,605.562313001,Pluripotent,0,1,1,0,0
112,117.212215406,862.802126292,Pluripotent,0,0,1,1,0
113,432.633573629,499.987978544,Pluripotent,0,0,1,0,1
114,296.484863446,100.726394974,Pluripotent,0,1,0,1,1
115,362.687858872,340.356032422,Pluripotent,1,1,0,0,1
116,168.710585778,408.230295123,Pluripotent,0,0,0,0,0
117,271.967589492,138.30539203,Pluripotent,1,1,1,0,0
118,545.497692928,661.379827142,Pluripotent,1,1,0,0,0
119,777.445568618,153.432314951,Pluripotent,1,1,0,1,1
120,666.182085422,956.629126163,Pluripotent,1,0,1,1,0
121,968.538862047,458.742634555,Pluripotent,0,0,0,0,1
122,110.714239005,303.51376567,Pluripotent,0,0,1,0,1
123,344.826103948,93.7669783016,Pluripotent,1,1,1,0,0
124,755.157062751,950.477613493,Pluripotent,1,1,0,1,1
125,602.066742796,425.626882909,Pluripotent,1,0,0,0,0
126,901.695541619,354.609658588,Pluripotent,1,0,0,1,1
127,444.018627511,216.144727421,Pluripotent,0,0,1,0,0
128,839.167877897,408.301927233,Pluripotent,1,0,1,1,1
129,503.257654366,295.228608492,Pluripotent,0,1,0,0,1
130,395.685611439,436.516683088,Pluripotent,1,0,1,0,0
131,16.9114515129,96.4791593066,Pluripotent,0,1,1,0,0
132,374.587231719,876.649141363,Pluripotent,1,1,0,0,1
133,755.561061279,912.621940777,Pluripotent,1,0,0,0,1
134,671.478277396,644.46047513,Pluripotent,0,0,1,0,1
135,617.073232212,747.383837358,Pluripotent,0,0,0,1,0
136,890.398380789,941.856624549,Pluripotent,1,1,1,0,0
137,748.952729555,410.074234011,Pluripotent,1,1,1,1,0
138,826.943028002,335.528698034,Pluripotent,1,1,0,1,0
139,341.823027187,202.516745936,Pluripotent,0,1,0,1,1
140,146.59424173,364.054647064,Pluripotent,0,1,1,0,0
141,382.578277892,32.606183682,Pluripotent,0,0,1,1,0
142,150.818345977,854.673888166,Pluripotent,1,0,0,1,1
143,680.89408291,25.6496265158,Pluripotent,0,1,1,1,1
144,487.109178672,70.3119644414,Pluripotent,1,0,1,0,0
145,432.768219738,273.396561776,Pluripotent,0,1,0,1,1
146,576.433634278,774.417948077,Pluripotent,0,1,0,0,0
147,19.1883685197,370.935037539,Pluripotent,0,1,0,1,1
148,387.782322252,990.985125083,Pluripotent,0,1,0,1,1
149,764.6158143,538.571899816,Pluripotent,0,1,0,0,1
150,732.67075884,167.121730679,Pluripotent,0,0,1,0,0
151,707.618915138,706.095225858,Pluripotent,0,1,0,0,1
152,299.163929007,44.0369334307,Pluripotent,1,0,0,0,0
153,690.602601059,913.563737989,Pluripotent,1,1,0,1,1
154,956.537292627,299.247841545,Pluripotent,0,0,1,1,1
155,153.587204779,91.7630899308,Pluripotent,0,1,0,0,0
156,477.119873654,147.748449858,Pluripotent,1,0,1,1,0
157,446.000581252,365.532412516,Pluripotent,0,0,0,0,1
158,123.87970827,826.645108626,Pluripotent,0,1,0,0,1
159,410.93690312,656.971036533,Pluripotent,1,0,0,0,0
160,104.993517616,741.741231032,Pluripotent,0,1,1,1,1
161,39.4406324599,800.616176285,Pluripotent,1,0,1,1,0
162,276.978706248,762.681935684,Pluripotent,0,1,1,0,0
163,773.07381566,582.274274324,Pluripotent,0,1,0,0,0
164,884.478433257,421.389949679,Pluripotent,1,0,0,0,0
165,440.62637939,488.25412379,Pluripotent,0,1,1,1,0
166,782.636470619,795.606372636,Pluripotent,0,0,1,0,0
167,915.341181904,988.407674965,Pluripotent,1,0,0,1,1
168,462.177090441,554.373106972,Pluripotent,1,0,1,0,1
169,668.61705318,916.072032865,Pluripotent,1,1,1,0,1
170,338.835707682,433.080532982,Pluripotent,1,0,1,1,1
171,244.801211174,733.341981818,Pluripotent,0,0,0,1,0
172,349.702613697,867.345394889,Pluripotent,0,0,0,1,1
173,860.897141437,806.452292292,Pluripotent,1,1,0,0,0
174,420.637872983,851.689449659,Pluripotent,0,1,0,1,0
175,617.496290028,441.87434448,Pluripotent,1,0,0,0,1
176,509.735153899,398.102358725,Pluripotent,1,0,0,1,0
177,355.510760597,527.708777665,Pluripotent,1,0,0,0,1
178,317.361862203,37.4789352759,Pluripotent,1,0,1,1,1
179,473.279698016,774.026283233,Pluripotent,1,1,1,1,0
180,229.028600312,320.341720896,Pluripotent,1,1,1,0,0
181,381.655464409,399.527106182,Pluripotent,0,1,0,0,0
182,393.870143508,953.120218998,Pluripotent,1,0,0,0,1
183,587.46649935,961.558307761,Pluripotent,0,0,0,0,0
184,175.665146304,710.365298563,Pluripotent,1,1,0,0,1
185,207.848688462,572.184745929,Pluripotent,1,1,1,0,0
186,810.113695169,363.697251707,Pluripotent,0,1,0,1,1
187,424.471625302,876.699276042,Pluripotent,0,0,0,1,1
188,846.910805736,455.547019229,Pluripotent,0,0,1,0,0
189,615.292856145,735.311830158,Pluripotent,1,1,1,1,1
190,451.949173605,843.891921172,Pluripotent,0,0,0,1,1
191,711.606695901,583.69786203,Pluripotent,0,1,1,1,1
192,167.154896332,923.873934591,Pluripotent,1,1,0,1,0
193,766.778480902,60.7647803745,Pluripotent,1,0,1,1,1
194,324.490983026,745.467257634,Pluripotent,1,1,1,0,1
195,119.847073473,731.841911121,Pluripotent,1,0,1,1,1
196,106.561936556,434.466401744,Pluripotent,0,1,0,1,1
197,516.694095776,46.049050149,Pluripotent,1,0,0,1,0
198,88.0143648979,268.051772148,Pluripotent,1,1,0,1,0
199,717.210125034,152.699847197,Pluripotent,0,1,1,0,1
200,200.516081632,319.337151242,Pluripotent,1,0,1,1,0
201,381.483146364,3.73992445398,Pluripotent,0,0,0,0,0
202,590.838326087,933.705988808,Pluripotent,0,0,0,1,1
203,821.37154324,37.2058409726,Pluripotent,1,1,1,0,1
204,770.836658392,793.856165468,Pluripotent,1,0,1,1,1
205,477.19267267,169.222373859,Pluripotent,0,0,0,1,1
206,653.44252422,824.946081595,Pluripotent,0,1,0,1,1
207,315.761722702,566.478047304,Pluripotent,0,1,1,1,0
208,636.05325263,680.419985806,Pluripotent,0,0,1,0,1
209,482.216333904,979.512331931,Pluripotent,1,1,1,1,1
210,283.562523353,467.368558338,Pluripotent,0,0,1,0,1
211,78.365349442,330.176277915,Pluripotent,0,0,0,0,1
212,608.069639394,72.434352863,Pluripotent,1,0,0,1,0
213,739.620660773,448.488625657,Pluripotent,0,1,0,1,1
214,731.341483838,336.694967698,Pluripotent,1,0,0,0,0
215,357.902845323,221.779648599,Pluripotent,1,1,0,0,0
216,815.370686955,74.0003416308,Pluripotent,0,1,0,0,0
217,914.057918256,619.7650518,Pluripotent,0,0,0,0,1
218,57.7053292057,919.465277881,Pluripotent,0,0,1,0,1
219,800.602997672,905.850085894,Pluripotent,1,1,0,1,1
220,278.942843791,242.322523899,Pluripotent,1,0,1,0,1
221,50.5366001942,539.630213671,Pluripotent,0,1,0,0,1
222,212.932842349,343.552818288,Pluripotent,1,1,1,1,1
223,895.364466167,163.463145264,Pluripotent,0,1,0,1,0
224,256.416317433,214.518005769,Pluripotent,0,0,1,1,1
225,116.088886038,759.209374507,Pluripotent,1,1,0,0,0
226,106.706988636,445.552488619,Pluripotent,1,1,0,1,0
227,698.480660172,340.080094618,Pluripotent,0,0,0,0,0
228,663.137103074,735.992035091,Pluripotent,0,0,1,1,1
229,996.619547619,244.878319174,Pluripotent,0,1,1,1,0
230,500.53524357,35.4409839462,Pluripotent,0,0,1,1,1
231,626.189201064,520.680567144,Pluripotent,1,1,0,0,0
232,631.680389199,987.557734631,Pluripotent,0,0,0,0,0
233,365.943324983,467.290876439,Pluripotent,1,1,0,0,0
234,244.045897477,710.589712491,Pluripotent,1,1,0,0,0
235,621.337902658,966.109784769,Pluripotent,1,0,0,0,0
236,216.580176997,394.834568602,Pluripotent,0,0,0,1,1
237,182.85384838,122.903364756,Pluripotent,1,1,1,0,1
238,802.711704999,363.265934447,Pluripotent,1,0,1,1,0
239,262.778106229,619.461177417,Pluripotent,1,0,0,1,1
240,148.226822386,551.467181792,Pluripotent,0,1,0,0,1
241,366.068428317,528.277120615,Pluripotent,0,0,0,1,0
242,653.09166059,742.713096588,Pluripotent,1,0,0,0,0
243,406.228100913,826.133265062,Pluripotent,0,0,0,1,0
244,29.7126249368,636.640928846,Pluripotent,1,1,0,0,0
245,821.787663128,760.610866685,Pluripotent,1,0,1,1,1
246,914.269781444,369.631315536,Pluripotent,0,1,1,1,1
247,559.328540387,543.155944802,Pluripotent,0,1,0,0,1
248,430.3418874,581.161719772,Pluripotent,0,1,1,1,1
249,250.215926506,162.38934548,Pluripotent,0,1,0,1,1
250,268.964949532,630.216332689,Pluripotent,1,1,1,0,0
251,95.7642312028,859.583962838,Pluripotent,1,0,1,1,1
252,988.619381735,691.634020614,Pluripotent,1,0,1,1,1
253,36.9420128953,147.52885718,Pluripotent,1,1,1,1,1
254,0.222419218583,538.043102167,Pluripotent,0,1,1,1,0
255,355.138609701,233.94852133,Pluripotent,0,1,1,0,1
256,320.805690501,85.1619679909,Pluripotent,1,0,1,1,0
257,145.360078415,362.395415387,Pluripotent,0,0,1,1,1
258,270.987904224,125.959053919,Pluripotent,1,0,0,0,1
259,517.233074572,938.757477048,Pluripotent,0,0,0,1,1
260,710.806313001,637.278014764,Pluripotent,1,1,1,1,0
261,478.068348418,426.700913727,Pluripotent,0,0,1,1,1
262,126.078473507,106.316648578,Pluripotent,1,1,0,1,1
263,447.197870005,381.114484592,Pluripotent,1,0,1,0,0
264,759.530446891,745.342554103,Pluripotent,1,0,1,0,0
265,127.976624046,172.031215758,Pluripotent,0,1,0,0,0
266,697.845275207,667.735453272,Pluripotent,1,0,1,0,0
267,699.030779465,895.226619925,Pluripotent,0,0,0,0,1
268,58.5813412965,106.889165582,Pluripotent,1,1,0,0,1
269,105.10929107,209.466274849,Pluripotent,1,1,1,0,0
270,482.444440206,335.730299125,Pluripotent,1,0,0,0,1
271,636.807340954,950.302039683,Pluripotent,0,1,0,0,0
272,649.532418949,964.633653493,Pluripotent,0,1,1,1,0
273,589.333919861,437.821250369,Pluripotent,1,0,1,1,0
274,570.228362256,831.70620732,Pluripotent,0,1,0,1,1
275,916.678788698,927.69145356,Pluripotent,1,0,0,1,1
276,30.4511445883,112.022054013,Pluripotent,1,1,0,0,0
277,656.574968623,70.6382449138,Pluripotent,0,0,0,1,1
278,391.675321571,852.09242359,Pluripotent,0,0,1,1,1
279,434.882478354,231.897291504,Pluripotent,1,1,0,0,0
280,232.695852109,52.6946701451,Pluripotent,0,1,1,1,0
281,550.243251294,446.148163223,Pluripotent,1,1,0,1,0
282,714.095610054,387.893616891,Pluripotent,0,0,0,1,0
283,942.748964718,556.474378605,Pluripotent,0,0,0,1,0
284,84.7655424446,491.953706101,Pluripotent,0,0,0,1,0
285,345.196194203,390.580696105,Pluripotent,0,1,1,1,1
286,314.983196538,847.502354462,Pluripotent,1,0,1,0,0
287,526.557181029,796.021638405,Pluripotent,1,0,0,1,1
288,384.468901403,868.11294772,Pluripotent,0,0,0,0,0
289,30.4998559215,267.719638135,Pluripotent,0,0,1,0,0
290,969.563845996,509.131704367,Pluripotent,1,1,0,1,0
291,966.014769243,170.849413865,Pluripotent,1,1,1,0,0
292,43.4871978321,246.362862588,Pluripotent,1,1,1,1,0
293,75.7618284718,529.685364642,Pluripotent,0,0,1,1,1
294,4.78076629423,781.45666689,Pluripotent,0,1,1,1,0
295,851.176669294,594.653286596,Pluripotent,0,0,1,0,1
296,241.894415239,512.643632278,Pluripotent,0,0,0,0,0
297,832.664832071,78.1209296047,Pluripotent,1,0,1,0,0
298,41.8611200955,670.291028592,Pluripotent,0,0,0,0,0
299,929.570501102,814.825501205,Pluripotent,0,0,0,0,1
300,711.510257368,633.872829467,Pluripotent,0,0,0,0,0
301,928.958751879,742.300284789,Pluripotent,1,0,0,0,1
302,218.619688336,97.3445004128,Pluripotent,0,1,1,0,1
303,452.290981752,967.035640749,Pluripotent,0,0,0,1,1
304,137.645116437,686.540643019,Pluripotent,1,1,0,1,1
305,273.930706281,738.04560637,Pluripotent,0,1,1,0,1
306,432.963230586,793.507686917,Pluripotent,1,0,1,0,1
307,624.222075767,490.795872994,Pluripotent,0,0,0,1,1
308,375.030688557,526.594285176,Pluripotent,0,1,0,0,1
309,411.87761744,829.427197615,Pluripotent,1,0,1,1,1
310,304.574749586,915.841004213,Pluripotent,1,1,1,0,0
311,827.618643129,15.8994036156,Pluripotent,1,1,1,1,1
312,833.341770732,402.135055021,Pluripotent,1,0,0,0,1
313,934.784059925,587.010034266,Pluripotent,0,0,1,0,1
314,345.203944561,509.288501098,Pluripotent,0,1,1,1,0
315,488.635196446,836.811202529,Pluripotent,1,1,1,1,0
316,72.1048043035,402.992705506,Pluripotent,1,1,1,1,0
317,335.151296399,988.681279425,Pluripotent,1,0,1,0,1
318,221.117114522,401.553474585,Pluripotent,1,1,1,1,1
319,927.252677834,959.332834979,Pluripotent,0,1,1,1,0
320,154.162697916,242.54249048,Pluripotent,1,0,0,0,1
321,824.600003372,275.290665348,Pluripotent,0,1,1,1,1
322,79.7998949773,242.687104654,Pluripotent,1,0,1,1,0
323,590.793047526,454.025798412,Pluripotent,0,0,1,0,1
324,211.677743337,210.943913069,Pluripotent,1,0,1,0,1
325,466.053907379,67.092785711,Pluripotent,1,0,1,1,0
326,928.123369802,788.055485156,Pluripotent,0,0,0,0,0
327,606.186135265,85.3363492998,Pluripotent,0,1,0,1,0
328,836.852240255,441.300421559,Pluripotent,1,1,1,0,1
329,711.086740943,328.121843627,Pluripotent,1,1,0,0,0
330,324.263843022,602.79248862,Pluripotent,1,0,0,1,1
331,685.672151488,339.248138119,Pluripotent,0,0,1,0,1
332,795.452683121,963.710046931,Pluripotent,1,1,1,1,0
333,639.351474604,59.4720325036,Pluripotent,0,1,1,0,1
334,956.132360922,18.8138361832,Pluripotent,0,0,1,1,0
335,693.132846379,581.565872774,Pluripotent,0,1,0,1,1
336,996.960601625,933.437711236,Pluripotent,1,0,0,0,0
337,901.541275892,41.8253220794,Pluripotent,0,0,1,0,1
338,553.921547373,18.8629377169,Pluripotent,1,1,1,0,0
339,382.293176275,239.235397642,Pluripotent,0,1,1,1,1
340,879.379592227,629.751551554,Pluripotent,0,1,0,1,0
341,830.374310177,463.354149017,Pluripotent,1,1,1,0,1
342,737.439306846,252.071092717,Pluripotent,1,0,0,1,1
343,756.203601591,775.418405517,Pluripotent,1,1,0,1,0
344,762.84182183,118.589175075,Pluripotent,0,1,1,1,1
345,853.062088351,166.593392868,Pluripotent,0,0,0,1,1
346,762.692735263,591.756641881,Pluripotent,1,0,1,1,1
347,756.823108407,800.77732167,Pluripotent,1,1,0,0,1
348,37.1409929871,573.393816414,Pluripotent,0,1,1,1,1
349,418.991423248,598.817656079,Pluripotent,0,0,1,1,0
350,617.047871176,606.959155886,Pluripotent,1,0,0,0,1
351,636.891747455,639.472267008,Pluripotent,1,1,0,1,1
352,34.62908389,688.934581625,Pluripotent,0,0,0,1,1
353,970.563824437,333.647644976,Pluripotent,1,0,1,0,0
354,916.668573899,269.329417126,Pluripotent,0,0,0,0,0
355,343.687669508,493.034717,Pluripotent,1,1,0,1,1
356,896.046526082,550.093827907,Pluripotent,1,0,1,1,1
357,948.508113231,537.029102859,Pluripotent,1,0,1,1,0
358,268.569793376,855.831284399,Pluripotent,1,1,0,1,0
359,740.37052587,439.309072306,Pluripotent,0,0,1,0,1
360,489.439221512,259.802156645,Pluripotent,0,1,1,0,1
361,96.7444197559,517.839847963,Pluripotent,1,0,0,1,0
362,780.409721781,840.728910548,Pluripotent,0,1,1,1,1
363,622.455522063,920.060729594,Pluripotent,1,0,0,0,1
364,268.10044526,503.001557687,Pluripotent,0,0,0,1,0
365,857.404929416,694.994047692,Pluripotent,0,1,1,0,0
366,35.8602222915,547.701124376,Pluripotent,0,1,1,1,0
367,87.8251073276,875.554855269,Pluripotent,1,1,0,0,1
368,77.3717818408,585.488519472,Pluripotent,1,0,0,1,1
369,922.374296599,167.729599447,Pluripotent,0,1,1,0,0
370,61.9230174465,699.133361373,Pluripotent,0,0,1,0,0
371,814.13525627,64.1410890927,Pluripotent,0,1,0,1,1
372,404.978829457,475.205899184,Pluripotent,1,1,1,1,1
373,255.635143155,174.57872365,Pluripotent,1,0,0,1,0
374,253.941163204,585.594151803,Pluripotent,1,1,1,1,0
375,205.541742939,882.950172458,Pluripotent,1,0,1,1,1
376,158.405312382,119.133270667,Pluripotent,1,0,0,1,0
377,879.82120369,825.106824787,Pluripotent,1,0,0,1,1
378,37.2949602703,853.354324063,Pluripotent,0,1,1,1,0
379,12.3356520902,461.688006387,Pluripotent,1,1,1,0,1
380,23.8805837514,190.11071634,Pluripotent,1,0,1,1,0
381,945.163069727,475.757594701,Pluripotent,0,0,1,1,0
382,362.692158355,110.04428575,Pluripotent,0,0,1,1,0
383,526.55279559,300.484623808,Pluripotent,0,1,1,1,0
384,794.891556692,753.789590587,Pluripotent,0,1,0,0,0
385,609.182537403,356.220922558,Pluripotent,1,1,1,0,1
386,541.554775314,217.54561697,Pluripotent,0,0,1,0,1
387,171.602544257,972.817883454,Pluripotent,0,0,1,1,0
388,566.770123461,607.018967207,Pluripotent,1,0,1,1,0
389,643.153032061,831.424430774,Pluripotent,1,1,0,0,0
390,847.657633649,202.292780141,Pluripotent,0,1,1,0,0
391,309.983542979,542.28207861,Pluripotent,0,1,0,1,0
392,601.355992538,991.659518695,Pluripotent,0,0,0,1,0
393,907.317669581,962.892028209,Pluripotent,0,0,1,1,0
394,838.257901898,333.826441536,Pluripotent,0,1,1,0,1
395,243.871797242,767.508159436,Pluripotent,1,1,1,1,0
396,507.230186011,983.190647248,Pluripotent,1,1,0,1,0
397,446.705501335,145.056395789,Pluripotent,1,1,1,0,0
398,873.580856719,841.877993447,Pluripotent,1,1,1,0,1
399,510.169168579,403.495951276,Pluripotent,0,1,1,1,0
400,867.041367916,718.637842445,Pluripotent,1,1,0,0,1
401,251.087637209,125.224488359,Pluripotent,0,1,0,0,1
402,654.963080224,525.643701252,Pluripotent,0,0,1,0,1
403,334.362680595,814.458670715,Pluripotent,0,1,1,1,0
404,686.35724988,925.805757769,Pluripotent,0,0,1,0,1
405,303.793384026,154.318722074,Pluripotent,1,1,0,1,0
406,301.949459708,257.749099848,Pluripotent,0,1,1,1,1
407,138.419041133,0.683444460329,Pluripotent,1,1,0,1,0
408,333.582479246,271.413340027,Pluripotent,0,0,0,1,1
409,696.445171989,554.571158764,Pluripotent,0,0,0,1,1
410,682.779231868,675.855258492,Pluripotent,0,0,1,1,0
411,519.574937475,987.541030015,Pluripotent,1,1,0,1,1
412,545.459671274,293.529459449,Pluripotent,0,0,1,1,1
413,251.737090784,566.95114926,Pluripotent,0,0,0,0,0
414,160.021726517,657.32487835,Pluripotent,0,1,0,0,0
415,833.005945234,886.853617914,Pluripotent,1,1,0,1,1
416,344.049333723,708.145024163,Pluripotent,1,0,0,1,0
417,123.262347976,263.512636136,Pluripotent,0,0,1,1,1
418,666.460301173,852.022905137,Pluripotent,1,0,0,1,0
419,863.685248597,984.101121057,Pluripotent,1,1,0,0,1
420,295.132012598,924.111714989,Pluripotent,0,0,0,1,1
421,678.42358108,492.930586605,Pluripotent,1,1,1,1,1
422,288.57795984,804.699258824,Pluripotent,1,0,1,0,1
423,506.063922292,174.457162135,Pluripotent,0,1,0,0,0
424,486.108009191,8.35985861858,Pluripotent,1,0,0,1,1
425,428.619262136,966.977749987,Pluripotent,0,1,1,0,0
426,784.588643122,958.917314532,Pluripotent,0,0,0,0,0
427,85.8334006505,281.395099485,Pluripotent,1,1,1,1,0
428,851.303469334,351.896278483,Pluripotent,1,0,0,1,1
429,484.936491991,496.899167155,Pluripotent,1,1,1,1,0
430,282.124523503,561.234656121,Pluripotent,0,0,1,1,0
431,483.400454274,715.436895924,Pluripotent,0,0,1,0,0
432,531.294659279,253.714572261,Pluripotent,1,0,0,0,1
433,295.387595586,831.647262669,Pluripotent,1,1,0,0,0
434,250.975401552,298.041558386,Pluripotent,1,0,0,0,1
435,565.384595295,202.325371668,Pluripotent,1,1,1,1,0
436,436.309576531,144.825489044,Pluripotent,1,1,1,1,1
437,730.892005579,856.437026747,Pluripotent,1,0,0,1,0
438,660.082532799,139.895964673,Pluripotent,1,1,0,0,1
439,814.303474586,806.132505498,Pluripotent,1,1,0,0,0
440,914.677057662,578.945750589,Pluripotent,0,0,1,0,1
441,419.862259968,694.384305341,Pluripotent,0,0,0,1,1
442,635.044520529,688.607672329,Pluripotent,0,1,0,1,1
443,118.726192016,359.66853786,Pluripotent,0,0,1,0,1
444,85.7013507791,842.315739102,Pluripotent,1,0,0,0,0
445,998.073422182,301.351391663,Pluripotent,1,0,0,1,1
446,656.269693777,619.177166582,Pluripotent,0,0,0,0,1
447,118.644927975,936.147084558,Pluripotent,0,1,1,0,1
448,739.071085763,489.670076922,Pluripotent,1,1,1,0,1
449,182.447154033,859.881357299,Pluripotent,0,1,0,1,1
450,534.663232788,395.042022268,Pluripotent,1,1,0,1,1
451,619.112296869,614.759283294,Pluripotent,1,1,1,0,0
452,344.793729084,906.908432414,Pluripotent,0,1,0,0,0
453,505.261254433,929.097119897,Pluripotent,0,0,1,0,1
454,506.617706152,540.703904345,Pluripotent,1,0,1,0,0
455,686.278329497,114.894191052,Pluripotent,0,0,0,0,0
456,409.953401749,609.956405643,Pluripotent,1,1,0,1,1
457,133.722220989,459.581256821,Pluripotent,1,1,1,1,1
458,158.78893881,103.091635878,Pluripotent,0,0,1,0,0
459,326.558081278,629.726367565,Pluripotent,1,0,1,1,0
460,503.543426013,563.0216835,Pluripotent,1,0,0,0,1
461,732.107182253,501.586792571,Pluripotent,0,1,1,1,1
462,747.367014929,653.882876649,Pluripotent,0,1,1,0,0
463,111.685761393,539.372848341,Pluripotent,0,0,0,1,0
464,192.230895661,246.189233556,Pluripotent,0,0,0,1,0
465,536.10910247,447.898447086,Pluripotent,1,0,0,0,0
466,924.618360794,532.597715214,Pluripotent,1,0,0,1,1
467,304.101433088,813.8827592,Pluripotent,0,0,0,1,1
468,189.327246343,632.818798668,Pluripotent,1,0,1,1,1
469,73.2878411308,557.058521813,Pluripotent,0,1,0,1,0
470,285.252803124,95.126850274,Pluripotent,0,1,1,0,1
471,297.434159819,83.2961553662,Pluripotent,0,0,0,1,1
472,519.663735607,163.716189956,Pluripotent,0,0,1,1,0
473,474.31652607,174.69001276,Pluripotent,1,1,1,1,0
474,75.4920684951,559.107658053,Pluripotent,0,0,1,1,0
475,944.798828825,316.158978941,Pluripotent,0,0,1,1,1
476,568.789215807,251.540590393,Pluripotent,1,0,0,1,1
477,594.660168082,480.920714739,Pluripotent,0,1,1,0,0
478,772.293754887,216.094471314,Pluripotent,1,1,1,1,0
479,676.136688447,834.370540741,Pluripotent,1,1,1,0,0
480,519.308827763,590.123741064,Pluripotent,1,1,0,1,0
481,129.722042387,89.0545420561,Pluripotent,1,0,1,0,0
482,268.030803038,587.507739912,Pluripotent,1,0,1,0,0
483,293.723532822,309.379736494,Pluripotent,0,0,1,1,0
484,620.37961546,237.283520152,Pluripotent,1,0,0,0,0
485,506.296695114,451.161408899,Pluripotent,1,1,1,0,0
486,837.923778503,641.961589259,Pluripotent,1,1,1,1,0
487,267.762360922,950.055096602,Pluripotent,0,0,1,0,1
488,256.87835323,550.518798749,Pluripotent,0,0,0,1,1
489,65.2872871557,782.708552086,Pluripotent,0,1,0,1,1
490,108.936262825,662.540940522,Pluripotent,0,1,1,1,0
491,53.8344487339,856.106478353,Pluripotent,1,0,0,0,1
492,673.706115563,584.344486904,Pluripotent,1,0,1,1,1
493,308.805016738,734.791443198,Pluripotent,1,0,0,1,1
494,14.7424526929,495.00449532,Pluripotent,1,0,0,0,1
495,753.873690738,265.418577863,Pluripotent,1,1,1,0,0
496,603.979729716,135.909896466,Pluripotent,0,0,0,1,0
497,292.515761257,362.518714707,Pluripotent,1,1,0,1,0
498,781.517120812,895.665233486,Pluripotent,1,1,1,0,0
499,341.120274268,53.4601038525,Pluripotent,0,0,0,1,1
500,853.150401152,669.730371519,Pluripotent,0,0,0,1,0
501,65.9647377368,684.862519999,Pluripotent,1,0,0,0,1
502,153.745527595,581.027987809,Pluripotent,1,0,1,1,1
503,926.698004815,750.141577545,Pluripotent,1,0,0,0,0
504,941.208974884,265.256462719,Pluripotent,1,0,1,1,1
505,747.921819129,701.023833473,Pluripotent,0,1,0,1,1
506,69.2398224326,268.365603117,Pluripotent,1,1,1,0,0
507,878.355638198,567.533398044,Pluripotent,1,1,1,0,0
508,947.524552145,406.721586637,Pluripotent,1,0,0,0,0
509,474.463863767,70.7141796619,Pluripotent,1,1,0,0,0
510,631.861302597,520.635657318,Pluripotent,0,1,0,1,1
511,634.180680792,831.867246295,Pluripotent,1,1,0,0,1
512,304.831983169,835.197646544,Pluripotent,1,0,0,0,1
513,251.184689884,708.990991272,Pluripotent,1,1,1,1,1
514,276.448746212,616.636848676,Pluripotent,1,0,0,0,0
515,318.511162379,813.923728622,Pluripotent,1,1,0,1,1
516,468.542469462,320.089401482,Pluripotent,1,1,0,0,0
517,520.022547963,614.636021082,Pluripotent,1,1,0,1,0
518,550.792324041,287.036393699,Pluripotent,1,0,1,0,0
519,962.009438977,473.00568882,Pluripotent,0,0,1,1,1
520,862.458916313,506.809897276,Pluripotent,0,0,1,0,1
521,243.999275997,995.883183803,Pluripotent,1,1,0,1,0
522,213.58834138,261.217994564,Pluripotent,0,0,1,1,1
523,474.898320171,204.61599194,Pluripotent,1,1,1,0,1
524,304.205683384,450.129222875,Pluripotent,0,0,0,1,0
525,200.796356279,4.8167255859,Pluripotent,0,1,1,0,1
526,654.746775249,405.413783162,Pluripotent,0,0,0,0,0
527,651.004009025,994.016144476,Pluripotent,1,1,1,1,1
528,365.298861517,485.576112288,Pluripotent,0,0,0,0,1
529,610.859152919,73.3921171543,Pluripotent,0,1,1,1,0
530,601.778088551,923.628335045,Pluripotent,1,1,0,0,1
531,878.032469925,328.847676196,Pluripotent,0,1,1,0,0
532,867.688910276,426.732835436,Pluripotent,0,1,0,1,1
533,939.293515788,543.942708279,Pluripotent,0,0,0,1,1
534,938.704950795,474.245413877,Pluripotent,1,1,0,0,1
535,90.3245043722,212.37341112,Pluripotent,0,0,1,1,0
536,158.219111926,965.268243255,Pluripotent,1,0,0,0,1
537,351.799962385,203.426191419,Pluripotent,1,1,0,0,1
538,114.576349964,284.876624998,Pluripotent,0,1,1,1,0
539,235.526007966,183.265085919,Pluripotent,0,1,0,0,1
540,717.277887202,744.935765201,Pluripotent,1,0,0,1,1
541,587.64648688,30.9154285084,Pluripotent,1,0,1,1,0
542,523.839636137,418.363154265,Pluripotent,1,1,0,0,0
543,373.736608009,278.905655351,Pluripotent,1,0,0,1,0
544,411.893505684,668.737066437,Pluripotent,1,1,1,0,0
545,842.432162095,136.718814413,Pluripotent,0,0,1,0,0
546,205.841171668,751.599012971,Pluripotent,1,1,0,1,0
547,900.446020428,628.992979093,Pluripotent,0,1,1,0,0
548,309.837063236,539.039488413,Pluripotent,1,1,1,1,1
549,815.751338608,18.9870755743,Pluripotent,0,0,1,0,0
550,691.779486397,63.0690742905,Pluripotent,0,0,0,0,0
551,964.464365369,43.1709791485,Pluripotent,1,0,1,0,1
552,101.894251427,409.597897907,Pluripotent,1,0,1,0,0
553,997.604411715,909.436266114,Pluripotent,0,1,1,1,1
554,764.084232968,983.140641177,Pluripotent,0,0,1,1,1
555,420.450324505,773.767111569,Pluripotent,0,0,0,0,0
556,819.216443044,202.224456762,Pluripotent,1,0,0,1,1
557,842.959126585,867.035288804,Pluripotent,0,1,1,0,0
558,570.679273598,659.092892985,Pluripotent,1,0,1,1,1
559,598.345190447,995.967998973,Pluripotent,0,0,1,1,0
560,978.455525475,18.5605818022,Pluripotent,0,0,1,1,1
561,472.568564785,557.084999938,Pluripotent,0,0,1,0,1
562,693.662320455,34.5224419682,Pluripotent,1,0,1,1,0
563,11.4406399422,999.707870333,Pluripotent,1,0,1,0,0
564,199.177081851,755.425977698,Pluripotent,1,1,0,0,0
565,492.214383271,981.458440278,Pluripotent,0,1,1,1,1
566,851.208448309,905.750907993,Pluripotent,0,0,0,1,1
567,820.786960964,265.681200857,Pluripotent,1,0,0,0,0
568,325.945445478,49.2089485138,Pluripotent,1,1,1,1,1
569,505.723592336,743.273694537,Pluripotent,1,0,1,1,1
570,546.515214512,825.152172727,Pluripotent,0,0,0,1,1
571,821.297918671,534.162159773,Pluripotent,1,0,0,1,1
572,311.327347599,906.702762623,Pluripotent,1,1,0,0,1
573,776.107574547,653.679359495,Pluripotent,0,0,0,1,1
574,92.0816613491,755.686260531,Pluripotent,1,1,1,1,1
575,789.169655661,853.647520927,Pluripotent,0,0,1,0,0
576,213.417241136,811.46569273,Pluripotent,0,0,0,0,0
577,101.193694594,935.128314298,Pluripotent,0,1,0,1,0
578,766.221109534,58.1279432372,Pluripotent,0,0,0,0,0
579,6.44466535073,818.406454392,Pluripotent,1,0,1,0,0
580,584.656543206,499.678347061,Pluripotent,1,1,1,0,1
581,549.980598038,212.929686411,Pluripotent,0,0,0,0,1
582,843.370180477,859.53660212,Pluripotent,0,1,0,1,1
583,298.911209422,785.394015257,Pluripotent,1,0,0,1,1
584,822.836455294,471.332412116,Pluripotent,0,1,1,0,0
585,548.582442817,131.231438352,Pluripotent,0,0,0,0,0
586,927.168590893,332.262889246,Pluripotent,1,0,1,1,0
587,803.535274766,505.522993322,Pluripotent,0,1,1,1,0
588,682.891577723,757.376136821,Pluripotent,0,1,1,0,1
589,936.989109937,679.873335131,Pluripotent,0,0,1,0,1
590,658.730565403,614.574803503,Pluripotent,0,1,0,0,1
591,875.884194739,534.870701837,Pluripotent,0,1,0,1,1
592,706.68357238,785.330736143,Pluripotent,0,1,0,1,1
593,155.07655665,489.217873999,Pluripotent,1,1,1,1,0
594,266.415996498,301.462824919,Pluripotent,1,1,0,1,0
595,874.63772178,717.883022601,Pluripotent,1,1,0,0,1
596,543.971960161,95.6346192465,Pluripotent,1,0,0,0,1
597,921.875072436,320.558895006,Pluripotent,0,0,0,0,0
598,483.905368156,392.854084099,Pluripotent,1,1,0,0,0
599,656.843231189,848.278580696,Pluripotent,1,1,0,0,1
600,795.752187454,192.10412545,Pluripotent,0,1,1,1,0
601,347.436516754,197.159521772,Pluripotent,0,0,0,1,1
602,16.8629953361,331.703145176,Pluripotent,1,0,0,0,0
603,767.090826188,591.608010215,Pluripotent,0,0,1,1,0
604,501.105322956,695.364178549,Pluripotent,0,0,1,1,1
605,5.5135452783,232.720649774,Pluripotent,1,0,1,1,1
606,28.1594477156,808.984345169,Pluripotent,0,0,0,1,0
607,88.6548852109,434.619467663,Pluripotent,1,1,0,0,1
608,455.876821135,617.201723672,Pluripotent,1,0,1,1,1
609,159.643173796,784.31783224,Pluripotent,1,0,0,0,1
610,904.068980545,500.226292729,Pluripotent,0,0,1,0,1
611,732.979553192,905.08128188,Pluripotent,0,1,0,0,0
612,401.362915809,535.356118632,Pluripotent,1,0,0,1,0
613,303.039565668,100.639779018,Pluripotent,0,0,1,1,1
614,118.9294748,41.7158977115,Pluripotent,1,1,0,0,0
615,797.262674079,695.683248876,Pluripotent,0,0,1,0,1
616,460.986309548,268.91836426,Pluripotent,0,1,1,1,1
617,572.196702452,88.0483932743,Pluripotent,1,1,1,0,1
618,123.873712401,659.826859277,Pluripotent,0,0,1,0,1
619,97.6183901184,296.535596223,Pluripotent,1,0,0,0,1
620,696.406286968,561.929880631,Pluripotent,0,0,0,0,0
621,638.601162575,201.158588843,Pluripotent,1,0,1,1,1
622,780.870448373,549.424658256,Pluripotent,1,1,0,1,0
623,575.162609297,37.9650453098,Pluripotent,0,1,1,1,1
624,458.219475117,974.820672815,Pluripotent,1,0,0,1,0
625,817.471924298,291.46904672,Pluripotent,0,0,0,0,1
626,315.077647731,484.665961433,Pluripotent,0,0,0,0,0
627,24.8143294137,822.460042493,Pluripotent,0,0,1,1,1
628,110.389788876,919.06743958,Pluripotent,1,1,1,1,1
629,929.577975474,314.444300684,Pluripotent,0,1,0,0,1
630,255.280886115,958.652477031,Pluripotent,1,0,1,1,0
631,249.413718232,36.7943671308,Pluripotent,1,1,0,1,0
632,996.850883565,173.677261946,Pluripotent,0,0,0,1,1
633,746.575047362,687.497879126,Pluripotent,1,0,1,0,0
634,357.624177281,67.0000492668,Pluripotent,1,1,1,1,0
635,616.161613617,731.802787712,Pluripotent,1,0,0,1,0
636,591.60441454,530.729890894,Pluripotent,1,0,0,1,0
637,389.12690917,175.170232933,Pluripotent,0,1,0,1,0
638,508.555414308,838.15235669,Pluripotent,1,1,1,1,0
639,957.29729635,277.568284894,Pluripotent,1,1,1,0,0
640,986.605570771,210.355520394,Pluripotent,1,1,1,1,0
641,472.886018015,67.8339146231,Pluripotent,0,1,0,1,1
642,839.490939914,178.024995707,Pluripotent,1,1,1,1,0
643,251.144872962,731.928588223,Pluripotent,1,1,1,1,1
644,0.0924960415331,465.004960557,Pluripotent,1,1,0,1,1
645,371.265647808,448.409557496,Pluripotent,1,0,1,1,1
646,101.347948771,999.96661645,Pluripotent,0,0,0,1,0
647,592.598794138,924.802201442,Pluripotent,1,1,0,0,0
648,259.305546009,834.572324575,Pluripotent,1,1,1,1,0
649,607.387205137,945.394876662,Pluripotent,1,1,0,0,1
650,676.768799755,709.213999984,Pluripotent,0,0,1,0,0
651,255.332425671,252.485245484,Pluripotent,0,1,0,1,1
652,153.549319554,509.097815907,Pluripotent,1,1,1,1,1
653,93.0589375482,206.834605281,Pluripotent,1,0,1,0,1
654,744.11917354,143.880522013,Pluripotent,0,1,1,0,0
655,27.8801749345,592.078853945,Pluripotent,1,1,1,0,1
656,221.10069723,456.320826139,Pluripotent,0,0,0,1,0
657,377.769528298,456.615449876,Pluripotent,1,1,1,0,1
658,71.715611208,634.303807244,Pluripotent,0,0,1,0,0
659,530.765906404,450.999689587,Pluripotent,0,0,0,1,0
660,213.827826104,567.736416368,Pluripotent,1,1,0,0,0
661,94.0530072168,276.061134035,Pluripotent,0,0,1,1,0
662,696.854677243,763.384001803,Pluripotent,0,1,0,1,1
663,277.606443665,527.439490273,Pluripotent,0,0,0,0,1
664,305.051875996,486.864092874,Pluripotent,0,0,0,0,1
665,126.358792016,279.791996886,Pluripotent,1,0,0,1,1
666,165.88278284,224.629581952,Pluripotent,0,0,0,0,1
667,893.962963002,38.8930903322,Pluripotent,1,0,0,0,0
668,946.309079743,39.8298969184,Pluripotent,0,0,1,1,1
669,449.831896,939.127445384,Pluripotent,1,1,0,0,0
670,188.454209231,535.255243683,Pluripotent,0,0,1,1,1
671,357.801424612,11.7134006248,Pluripotent,0,1,0,1,1
672,539.222242006,343.774950772,Pluripotent,1,0,0,1,0
673,862.432465324,445.692502995,Pluripotent,1,1,1,1,1
674,902.231181184,535.851168341,Pluripotent,0,1,1,1,1
675,969.01031424,724.415554868,Pluripotent,0,1,0,0,1
676,9.31864770422,880.421464626,Pluripotent,0,0,1,0,1
677,81.9369020781,323.348947479,Pluripotent,1,1,0,0,1
678,476.166922544,757.645801663,Pluripotent,0,1,1,0,1
679,784.176375845,428.099985543,Pluripotent,1,1,0,1,0
680,151.940481343,748.348306681,Pluripotent,1,1,0,1,0
681,344.102123124,673.135823227,Pluripotent,1,1,1,0,1
682,933.985236065,111.802417113,Pluripotent,1,0,0,1,0
683,963.146171391,482.313123285,Pluripotent,1,0,0,1,1
684,422.869620899,352.453740733,Pluripotent,1,0,1,0,1
685,847.813119655,694.702477472,Pluripotent,1,1,1,0,0
686,928.080871197,528.23853719,Pluripotent,0,0,0,0,1
687,801.373602985,342.61438415,Pluripotent,0,0,0,0,0
688,267.353431161,544.891214791,Pluripotent,1,0,1,0,1
689,694.438218642,845.804083399,Pluripotent,0,1,1,0,1
690,755.04446369,293.046268849,Pluripotent,0,0,1,0,1
691,770.567223323,960.040806191,Pluripotent,0,1,1,0,1
692,531.639542403,411.643045337,Pluripotent,1,1,1,0,0
693,827.885965345,860.553814519,Pluripotent,0,0,0,0,1
694,406.65574429,269.360707235,Pluripotent,0,0,0,1,0
695,413.055840458,768.589906825,Pluripotent,1,1,1,0,1
696,206.642962055,584.625129402,Pluripotent,1,1,1,1,1
697,792.007645363,412.584828146,Pluripotent,1,1,0,1,0
698,731.445688346,465.350706465,Pluripotent,0,0,1,1,1
699,417.773697668,726.66163868,Pluripotent,0,0,0,0,0
700,470.46472716,192.428423321,Pluripotent,0,0,1,1,0
701,42.0642586489,561.491529143,Pluripotent,1,1,1,1,0
702,357.931127421,833.218652734,Pluripotent,1,0,0,0,0
703,873.241924541,49.2154286093,Pluripotent,1,0,1,1,1
704,508.647786307,504.06494887,Pluripotent,0,0,1,0,1
705,744.395939886,924.392983795,Pluripotent,1,1,0,0,0
706,128.867782156,659.063671054,Pluripotent,0,1,0,1,1
707,620.885795411,854.849075607,Pluripotent,0,0,1,0,0
708,858.006237725,115.035864546,Pluripotent,0,1,1,1,0
709,454.310221255,960.768051287,Pluripotent,0,1,1,1,1
710,446.054746904,426.526179922,Pluripotent,0,0,0,1,1
711,629.772908361,535.921058959,Pluripotent,0,0,1,0,0
712,196.717148157,833.747067803,Pluripotent,1,1,1,0,0
713,534.543278077,417.753767308,Pluripotent,0,0,0,0,0
714,130.898854542,759.460354634,Pluripotent,0,1,1,0,1
715,530.568596495,497.891146324,Pluripotent,0,1,0,1,1
716,896.886075535,658.443448546,Pluripotent,0,1,1,0,0
717,16.7079332553,189.432133626,Pluripotent,0,0,0,1,1
718,894.476471123,540.869942125,Pluripotent,1,1,0,1,0
719,756.486490536,514.722452536,Pluripotent,1,1,1,1,0
720,347.894563052,833.158060375,Pluripotent,0,1,1,0,1
721,917.391556464,267.003229397,Pluripotent,0,1,0,0,1
722,700.117454486,403.694178735,Pluripotent,1,1,1,1,1
723,422.123375431,370.298005453,Pluripotent,1,1,0,0,1
724,615.058508841,143.750916395,Pluripotent,1,0,0,1,0
725,558.595915623,46.9061106761,Pluripotent,0,1,1,0,0
726,416.608597604,431.842220822,Pluripotent,0,1,0,0,0
727,140.883951143,366.892917652,Pluripotent,1,0,1,1,1
728,305.668873937,79.863753915,Pluripotent,1,1,0,1,0
729,642.823124284,427.357577083,Pluripotent,0,0,0,0,0
730,139.960345199,286.089928591,Pluripotent,1,1,0,1,1
731,350.609808512,772.003018418,Pluripotent,0,1,1,1,1
732,426.639535443,287.027022327,Pluripotent,0,1,1,1,1
733,948.392297272,206.361455268,Pluripotent,0,0,0,0,1
734,407.930490508,876.726641526,Pluripotent,1,1,1,0,1
735,409.402183356,893.507545654,Pluripotent,1,1,0,0,1
736,50.8284312406,860.340416816,Pluripotent,0,1,0,1,0
737,308.675080292,553.887587969,Pluripotent,0,1,1,0,0
738,380.205697517,213.690604788,Pluripotent,1,0,1,1,1
739,662.27356892,375.688839388,Pluripotent,1,1,1,1,1
740,678.463030656,799.940015485,Pluripotent,0,0,0,0,0
741,168.871160768,906.495800634,Pluripotent,0,0,1,1,1
742,68.9319051131,134.218662275,Pluripotent,0,1,1,1,1
743,259.058856139,692.897650124,Pluripotent,0,1,0,1,1
744,751.065363538,189.107087341,Pluripotent,0,0,0,0,0
745,971.188212467,399.769852402,Pluripotent,1,0,1,0,1
746,605.658958897,762.289111068,Pluripotent,0,1,0,0,0
747,663.133385581,462.853210946,Pluripotent,1,0,1,0,0
748,552.855869974,820.345058442,Pluripotent,0,0,1,1,1
749,141.43088524,673.729725692,Pluripotent,0,1,0,0,1
750,677.023519126,71.9227035088,Pluripotent,1,0,1,1,0
751,975.061790521,431.964795284,Pluripotent,1,1,1,0,1
752,229.141757914,305.85622409,Pluripotent,1,1,1,0,0
753,176.372905492,779.421052156,Pluripotent,1,1,1,1,1
754,842.28265593,616.76313387,Pluripotent,0,0,1,1,0
755,245.079185876,650.381482051,Pluripotent,0,1,1,0,1
756,356.523832146,384.547248005,Pluripotent,0,1,0,0,1
757,381.815968579,754.773981203,Pluripotent,0,1,0,0,0
758,643.23022491,310.719419633,Pluripotent,1,0,0,0,0
759,112.779597914,286.654962019,Pluripotent,1,1,1,0,1
760,664.834056256,426.076588107,Pluripotent,1,0,1,1,0
761,560.826855302,175.165909977,Pluripotent,1,1,0,0,1
762,469.840484067,216.428537101,Pluripotent,0,0,1,1,0
763,524.681846009,925.030867953,Pluripotent,1,0,1,0,0
764,696.87869413,214.097935241,Pluripotent,1,0,1,1,0
765,718.327526599,14.8899670647,Pluripotent,1,0,1,0,1
766,210.943316557,836.262851471,Pluripotent,0,1,1,0,1
767,824.421614814,57.5929901527,Pluripotent,0,0,1,1,0
768,138.935649133,764.096831371,Pluripotent,1,0,0,1,1
769,605.309062122,979.242609277,Pluripotent,0,1,0,1,1
770,832.702318117,696.71405704,Pluripotent,1,0,0,1,1
771,994.952993288,881.904642014,Pluripotent,0,0,1,1,0
772,770.839610395,115.401444627,Pluripotent,0,1,1,0,0
773,950.496697329,586.901903551,Pluripotent,1,0,0,1,1
774,906.224932004,375.036751491,Pluripotent,1,1,0,0,0
775,629.920696241,300.883714598,Pluripotent,0,1,1,1,1
776,24.5449638999,650.192318002,Pluripotent,1,0,1,1,0
777,832.45057807,377.798953491,Pluripotent,0,0,1,1,1
778,478.213039363,902.450771166,Pluripotent,0,0,1,1,1
779,931.119554896,502.758198249,Pluripotent,0,0,1,1,1
780,993.180628521,821.209198187,Pluripotent,1,0,0,0,1
781,482.46058232,649.565260794,Pluripotent,1,0,1,0,0
782,77.5580464435,978.432801327,Pluripotent,1,0,1,0,0
783,971.02587617,607.533233215,Pluripotent,0,0,0,1,1
784,436.539941689,615.504154292,Pluripotent,1,0,1,0,0
785,84.4571504771,893.706380781,Pluripotent,0,0,1,1,1
786,586.973808262,481.755661001,Pluripotent,1,0,0,1,1
787,816.113256314,720.276166319,Pluripotent,0,0,0,0,1
788,495.46756878,957.227282146,Pluripotent,1,1,1,0,0
789,204.228548619,626.018365879,Pluripotent,1,0,1,0,1
790,44.8180122639,284.387467832,Pluripotent,0,0,1,0,0
791,153.315176446,543.860914032,Pluripotent,0,1,1,1,1
792,960.343525096,882.078663399,Pluripotent,1,0,1,1,1
793,903.94148742,109.743370746,Pluripotent,1,0,1,0,0
794,393.765606673,383.868892284,Pluripotent,0,1,0,0,0
795,543.273750942,943.948387308,Pluripotent,0,0,1,1,0
796,515.195550941,882.062400219,Pluripotent,1,1,1,0,1
797,569.072825229,903.523999863,Pluripotent,0,1,0,1,0
798,390.053291596,32.360615958,Pluripotent,0,1,0,0,0
799,170.890134087,568.841270538,Pluripotent,0,1,1,1,1
800,225.125306461,80.123632707,Pluripotent,1,0,1,1,0
801,549.73560347,765.450214092,Pluripotent,1,0,1,0,1
802,347.795456828,203.604464989,Pluripotent,0,0,0,1,1
803,868.439871515,869.543701744,Pluripotent,0,1,1,1,0
804,963.634630595,58.3372351423,Pluripotent,0,1,0,1,0
805,351.975895432,828.761789945,Pluripotent,1,0,0,0,0
806,542.281314548,576.385489963,Pluripotent,0,1,0,1,1
807,374.547242449,156.797270642,Pluripotent,0,1,0,1,1
808,411.578288966,909.985462104,Pluripotent,1,0,0,1,0
809,332.94775872,56.5418945362,Pluripotent,1,0,0,1,0
810,870.977423984,898.546909111,Pluripotent,1,1,1,0,0
811,434.527271122,945.185660402,Pluripotent,0,1,1,1,0
812,35.6032037396,441.743060811,Pluripotent,1,0,0,0,1
813,410.811278465,986.835981025,Pluripotent,1,1,1,0,0
814,801.382615986,814.020632295,Pluripotent,1,1,0,1,0
815,771.398761438,131.462781323,Pluripotent,1,0,1,0,1
816,670.219071868,115.908501701,Pluripotent,0,0,0,0,1
817,142.135026788,711.975327909,Pluripotent,0,1,1,1,1
818,250.037561862,112.146623356,Pluripotent,1,0,1,0,1
819,226.394491354,764.638327821,Pluripotent,0,0,0,0,0
820,285.437979087,938.318135474,Pluripotent,0,0,0,0,0
821,595.235245435,964.80715489,Pluripotent,1,0,0,1,1
822,843.402669667,139.198610571,Pluripotent,0,0,0,1,0
823,202.935545617,34.4786157967,Pluripotent,1,1,1,0,1
824,439.061009401,39.0003995877,Pluripotent,1,0,1,1,0
825,864.979920816,254.591905999,Pluripotent,0,1,0,1,1
826,985.385255216,144.530044635,Pluripotent,0,0,1,0,0
827,660.553874206,710.640473295,Pluripotent,0,0,1,1,0
828,859.276425171,332.328182805,Pluripotent,1,0,0,0,1
829,859.22674158,185.915164043,Pluripotent,0,0,0,1,1
830,208.490451132,904.579957607,Pluripotent,1,1,0,0,0
831,587.756382261,879.246101482,Pluripotent,0,1,0,1,1
832,987.12223944,188.684421833,Pluripotent,1,1,0,1,1
833,658.87579736,668.925728304,Pluripotent,0,0,0,1,1
834,660.812061293,933.553116272,Pluripotent,1,0,0,0,0
835,284.825319727,527.310185239,Pluripotent,1,0,1,0,1
836,735.428342198,721.002295666,Pluripotent,1,0,0,1,1
837,283.228569806,188.985590406,Pluripotent,1,1,0,1,1
838,289.079672061,641.767233551,Pluripotent,1,0,0,0,0
839,857.798273038,554.444770098,Pluripotent,1,1,0,1,1
840,726.896437354,466.022109378,Pluripotent,1,0,1,1,1
841,307.262196073,168.403641652,Pluripotent,0,1,1,0,0
842,998.276143959,239.288291471,Pluripotent,1,0,1,1,1
843,709.539944962,937.123971672,Pluripotent,1,1,1,1,1
844,962.204188391,359.179575934,Pluripotent,0,1,1,0,0
845,338.263624485,48.0372146702,Pluripotent,0,0,0,1,0
846,743.878414143,772.322997059,Pluripotent,0,1,0,0,0
847,705.640264643,566.312120772,Pluripotent,1,0,0,1,1
848,490.766186563,880.882844692,Pluripotent,0,0,0,1,1
849,591.102385165,163.451555972,Pluripotent,1,0,1,1,1
850,608.580436444,130.953794969,Pluripotent,0,1,1,0,0
851,167.389825198,148.416880589,Pluripotent,0,1,0,0,1
852,460.741289986,641.931273048,Pluripotent,1,1,0,1,0
853,324.679778209,364.378183254,Pluripotent,0,0,1,1,0
854,990.907676492,719.555742634,Pluripotent,0,1,0,0,1
855,242.797486908,992.736459623,Pluripotent,1,1,0,0,1
856,660.949890174,564.494888367,Pluripotent,1,1,0,1,0
857,339.740128263,311.556117755,Pluripotent,1,0,0,0,1
858,597.477005331,383.208407159,Pluripotent,0,0,1,0,0
859,712.881443306,726.087950183,Pluripotent,0,0,0,0,1
860,644.572292613,408.652421113,Pluripotent,0,1,0,0,1
861,292.980922866,942.706715666,Pluripotent,1,0,1,1,1
862,472.189354482,657.115360345,Pluripotent,1,1,1,0,1
863,987.087601721,40.7413119846,Pluripotent,1,1,0,1,1
864,793.501896332,596.947599206,Pluripotent,0,1,1,1,0
865,449.080412715,441.264752913,Pluripotent,1,0,1,0,1
866,565.699298724,970.699417975,Pluripotent,0,1,0,0,1
867,879.541364248,332.598264295,Pluripotent,1,1,1,1,1
868,950.881121787,197.201307401,Pluripotent,1,1,0,1,0
869,829.234357803,709.157635881,Pluripotent,1,0,1,0,0
870,179.780902796,963.124132887,Pluripotent,0,0,1,1,1
871,504.51029794,164.936681581,Pluripotent,0,0,1,0,0
872,117.831014972,100.885356156,Pluripotent,1,0,1,1,0
873,524.763454212,542.534252235,Pluripotent,1,1,1,1,1
874,321.35249806,57.6686349352,Pluripotent,0,0,1,1,1
875,577.119733064,242.590994135,Pluripotent,0,1,0,0,0
876,19.0957352943,518.851191026,Pluripotent,1,0,1,0,0
877,854.073232925,285.602771527,Pluripotent,0,0,1,0,0
878,279.984557563,417.863227336,Pluripotent,1,1,0,0,0
879,681.839627536,781.113825161,Pluripotent,1,1,0,1,1
880,765.261234118,346.678436732,Pluripotent,1,0,1,1,1
881,986.248909436,299.404566024,Pluripotent,1,1,0,1,0
882,533.267634447,892.926104392,Pluripotent,1,0,1,0,1
883,993.067498265,775.546233692,Pluripotent,0,0,0,1,1
884,597.842839306,146.50716891,Pluripotent,1,1,0,1,1
885,16.203619133,317.791398118,Pluripotent,0,1,0,1,0
886,886.679703068,542.640118027,Pluripotent,1,1,1,1,1
887,673.666603122,31.8639592714,Pluripotent,0,1,1,1,0
888,942.251194235,985.642998658,Pluripotent,1,0,0,1,1
889,595.406363515,488.453119499,Pluripotent,1,1,0,1,0
890,951.138136187,580.420297222,Pluripotent,0,1,1,0,0
891,807.190704933,923.73123362,Pluripotent,1,1,1,0,1
892,786.364723996,474.348873342,Pluripotent,1,1,1,1,1
893,592.683431208,827.841111684,Pluripotent,1,0,0,1,0
894,766.468777713,51.6776779797,Pluripotent,0,0,0,0,0
895,308.455168567,677.633499305,Pluripotent,0,1,0,0,0
896,953.604736367,747.788582061,Pluripotent,1,0,0,0,1
897,229.205437394,294.032014133,Pluripotent,0,0,0,0,0
898,73.5748298125,185.007634034,Pluripotent,1,0,0,0,0
899,805.181014752,838.85291181,Pluripotent,0,1,0,0,1
900,309.299188189,183.766391108,Pluripotent,0,1,1,1,0
901,270.936402939,264.864958911,Pluripotent,0,1,1,1,1
902,596.788541546,749.857254391,Pluripotent,0,1,0,0,0
903,836.734924074,49.1856810785,Pluripotent,1,1,1,1,1
904,383.409666663,485.322922987,Pluripotent,1,1,1,0,1
905,970.596348946,191.961335215,Pluripotent,0,0,0,0,1
906,532.913355961,71.7249674764,Pluripotent,1,1,0,0,0
907,433.775267763,400.087409038,Pluripotent,1,1,0,1,1
908,702.987489495,510.702441177,Pluripotent,0,0,1,0,0
909,736.820697066,358.85629116,Pluripotent,0,0,0,0,1
910,68.2237008194,419.207460872,Pluripotent,0,0,1,0,0
911,72.129389094,47.2061399072,Pluripotent,0,0,1,0,0
912,650.978084306,567.720861076,Pluripotent,1,0,0,0,0
913,83.9554590845,638.826751345,Pluripotent,0,0,0,1,0
914,6.94762061083,605.988901902,Pluripotent,1,0,0,1,0
915,380.884482647,885.792326852,Pluripotent,1,1,0,1,0
916,600.011815954,258.808532866,Pluripotent,0,1,1,0,1
917,513.578671358,166.09423399,Pluripotent,1,0,1,1,1
918,517.56963935,870.565990534,Pluripotent,0,0,0,0,0
919,826.727149144,218.882491512,Pluripotent,0,0,0,0,0
920,641.143544946,780.651458004,Pluripotent,0,1,0,0,0
921,468.159120949,517.348316915,Pluripotent,0,0,1,0,0
922,737.547464491,700.827581805,Pluripotent,0,1,1,0,1
923,317.555531584,883.027917519,Pluripotent,1,0,0,1,0
924,548.769307943,820.174903973,Pluripotent,0,1,1,1,0
925,500.139000859,826.468228843,Pluripotent,0,0,0,1,0
926,285.574464208,355.014120494,Pluripotent,1,0,0,0,0
927,510.400048477,906.052147996,Pluripotent,0,0,1,0,0
928,923.572120122,202.554755927,Pluripotent,1,1,0,1,1
929,838.547541508,375.198120173,Pluripotent,1,0,0,1,1
930,81.435166159,610.567429914,Pluripotent,0,0,0,0,1
931,237.413852899,41.9793406207,Pluripotent,0,1,0,0,0
932,714.053793403,377.899354976,Pluripotent,1,0,0,1,0
933,803.006232878,331.104757586,Pluripotent,1,1,0,1,0
934,546.468107874,828.4981822,Pluripotent,1,1,1,0,1
935,372.471841004,583.727766755,Pluripotent,0,0,1,0,0
936,608.813081383,283.283504675,Pluripotent,1,1,0,0,0
937,909.266717258,75.3385374433,Pluripotent,1,0,1,1,0
938,927.447088439,459.111752835,Pluripotent,0,0,1,1,0
939,380.032135631,396.346549565,Pluripotent,0,1,0,0,0
940,617.150280066,415.445995879,Pluripotent,0,1,1,0,1
941,86.061611973,4.15815372175,Pluripotent,1,0,1,0,0
942,284.049384615,478.06133484,Pluripotent,0,1,1,1,1
943,682.271462979,15.3999127189,Pluripotent,1,0,0,1,0
944,810.364165666,806.309836531,Pluripotent,1,1,0,0,0
945,384.226876133,564.596067071,Pluripotent,0,1,0,1,1
946,150.788523491,452.824508616,Pluripotent,0,0,1,1,0
947,825.91224005,253.864399685,Pluripotent,1,0,1,0,0
948,771.860025389,902.250575315,Pluripotent,0,1,0,1,1
949,434.286786968,491.365599143,Pluripotent,1,0,0,0,0
950,605.301384733,762.785514327,Pluripotent,0,1,0,0,0
951,815.040156693,39.0267513264,Pluripotent,1,0,1,0,1
952,191.247786375,961.643414807,Pluripotent,0,0,1,0,0
953,173.779838965,943.648523316,Pluripotent,0,1,0,0,1
954,669.359888136,764.471160813,Pluripotent,1,0,0,1,1
955,551.328171354,109.701230675,Pluripotent,0,0,0,0,1
956,381.102928748,658.407166858,Pluripotent,0,0,1,1,1
957,762.719173213,782.797378423,Pluripotent,1,1,0,0,1
958,387.234680816,514.975151155,Pluripotent,0,1,0,0,1
959,672.120064691,661.749192138,Pluripotent,1,1,0,1,1
960,539.361832445,536.910733394,Pluripotent,0,0,1,0,0
961,640.225216805,128.279411161,Pluripotent,1,1,1,0,0
962,255.581080657,577.504894154,Pluripotent,1,1,0,0,0
963,608.525518379,605.570597394,Pluripotent,1,0,0,0,0
964,972.915771507,116.925154029,Pluripotent,0,1,0,1,1
965,528.215511398,688.551269013,Pluripotent,1,0,0,0,0
966,248.210470474,374.183225173,Pluripotent,0,1,1,1,1
967,102.651933173,706.92720421,Pluripotent,0,0,1,1,0
968,952.485092628,438.453777043,Pluripotent,0,1,1,1,1
969,631.656600065,242.911700999,Pluripotent,0,1,0,1,1
970,860.881191899,379.114721415,Pluripotent,1,0,1,0,1
971,716.102477408,147.445713604,Pluripotent,1,1,0,1,1
972,593.965027853,138.986796583,Pluripotent,1,1,1,1,0
973,536.667538184,904.250564357,Pluripotent,0,0,0,0,0
974,436.624296943,556.960909196,Pluripotent,1,1,1,1,0
975,538.590031189,149.774403622,Pluripotent,0,0,1,1,1
976,893.606550996,731.167359016,Pluripotent,0,0,1,1,1
977,257.662880404,514.807617323,Pluripotent,1,1,1,1,1
978,678.455419955,183.713495863,Pluripotent,0,1,1,0,1
979,308.841031582,280.389737646,Pluripotent,1,1,0,1,1
980,654.536378622,382.629153071,Pluripotent,1,0,0,1,0
981,434.140166098,227.858939048,Pluripotent,1,1,1,1,1
982,361.048443007,676.033173624,Pluripotent,0,1,0,1,1
983,965.066626319,543.272377249,Pluripotent,0,1,0,1,0
984,932.240907533,99.3716105935,Pluripotent,1,0,1,1,1
985,20.3109678868,804.750115109,Pluripotent,1,1,1,1,0
986,662.324435165,163.434296819,Pluripotent,1,0,0,0,0
987,47.4251664646,210.560451959,Pluripotent,1,1,0,1,0
988,725.527947021,219.09687893,Pluripotent,0,0,0,1,0
989,90.8592229001,238.062108354,Pluripotent,1,1,1,1,0
990,648.269705086,851.842310155,Pluripotent,0,1,1,1,0
991,197.004811679,506.493464996,Pluripotent,0,1,1,0,0
992,868.962785088,444.120812925,Pluripotent,0,0,0,0,0
993,302.721550074,617.190647557,Pluripotent,0,1,0,1,0
994,56.2976545948,791.745994501,Pluripotent,0,1,1,0,0
995,178.397520001,758.62048978,Pluripotent,0,1,1,1,0
996,403.567364503,129.235518564,Pluripotent,0,0,1,1,0
997,870.167416572,43.8703960048,Pluripotent,0,0,0,0,0
998,148.378108423,175.253625249,Pluripotent,0,1,0,0,0
999,121.599231375,258.655368018,Pluripotent,0,0,1,0,1
1000,651.904839035,811.071185094,Pluripotent,0,0,1,1,0
